x y z mass age lifetime 
57.864520273 64.729880868 58.356072554 21.710538690897533 3.1700054681264023 9.829220547743597 
53.101358249 60.657627902 60.299390241 12.852318939243817 3.1211069225889707 21.701880537643977 
53.197826491 60.73159161 60.275235042 9.804288965527324 3.0439665666377325 34.396055588818335 
53.101358249 60.657627902 60.299390241 10.936512233869193 2.9779626774796983 27.63309821138336 
53.197826491 60.73159161 60.275235042 14.504197560255665 2.793664887966334 16.58776769812203 
53.101358249 60.657627902 60.299390241 8.7278623236069 2.468140993852656 55.7385555547265 
52.546441897 58.426004855 62.162797198 13.000429571486068 1.9346480391387724 21.24333928810395 
63.308759209 62.270936218 56.153871035 10.857211052690461 1.1326285904046127 27.878609705215055 
59.081652989 73.140588783 62.240130969 8.337623226311829 0.5073819170870149 63.47589462732416 
