x y z mass age lifetime 
57.959703181 64.73881654 58.429529282 21.710538690897533 3.384972025675384 9.829220547743597 
52.986482748 60.557378266 60.479821431 12.852318939243817 3.3360734801379524 21.701880537643977 
52.885709262 60.507935747 60.60620034 9.804288965527324 3.258933124186714 34.396055588818335 
52.986482748 60.557378266 60.479821431 10.936512233869193 3.19292923502868 27.63309821138336 
52.885709262 60.507935747 60.60620034 14.504197560255665 3.0086314455153156 16.58776769812203 
52.986482748 60.557378266 60.479821431 8.7278623236069 2.683107551401638 55.7385555547265 
52.263031266 57.976576261 62.618825476 13.000429571486068 2.149614596687754 21.24333928810395 
63.662828414 62.177283501 56.157872236 10.857211052690461 1.3475951479535944 27.878609705215055 
59.235688697 73.705579095 62.563813375 8.337623226311829 0.7223484746359965 63.47589462732416 
