x y z mass age lifetime 
57.681369696 64.697408642 58.221470095 21.710538690897533 2.7515527414732412 9.829220547743597 
53.466431373 60.938437137 59.747934381 12.852318939243817 2.7026541959358097 21.701880537643977 
53.518740553 61.030507541 59.928985526 9.804288965527324 2.6255138399845714 34.396055588818335 
53.466431373 60.938437137 59.747934381 10.936512233869193 2.5595099508265373 27.63309821138336 
53.518740553 61.030507541 59.928985526 14.504197560255665 2.375212161313173 16.58776769812203 
53.466431373 60.938437137 59.747934381 8.7278623236069 2.049688267199495 55.7385555547265 
53.096555518 59.343205509 61.228918687 13.000429571486068 1.5161953124856113 21.24333928810395 
62.698727762 62.430931726 56.196365496 10.857211052690461 0.7141758637514517 27.878609705215055 
58.792544584 72.097163454 61.641800238 8.337623226311829 0.08892919043385383 63.47589462732416 
