x y z mass age lifetime 
57.772647728 64.716363236 58.287352821 21.710538690897533 2.9609435595223017 9.829220547743597 
53.36850087 60.875932824 60.060764167 12.852318939243817 2.91204501398487 21.701880537643977 
53.250581054 60.773010371 60.042654193 9.804288965527324 2.834904658033632 34.396055588818335 
53.36850087 60.875932824 60.060764167 10.936512233869193 2.7689007688755978 27.63309821138336 
53.250581054 60.773010371 60.042654193 14.504197560255665 2.5846029793622334 16.58776769812203 
53.36850087 60.875932824 60.060764167 8.7278623236069 2.2590790852485556 55.7385555547265 
52.822379671 58.875698352 61.705476066 13.000429571486068 1.7255861305346718 21.24333928810395 
62.9924079 62.357050824 56.165580917 10.857211052690461 0.9235666818005122 27.878609705215055 
58.935289197 72.608600089 61.934825148 8.337623226311829 0.2983200084829143 63.47589462732416 
