---
Z =0.002
M / Msun | Teff / K
5 17219.4325543 3.5851186442e+43
10 25134.198263 8.92332531171e+45
15 30582.662756 2.78673522557e+47
20 34307.969184 1.40503754267e+48
25 37088.4679275 3.98278035739e+48
30 39093.5273677 6.23902878077e+48
35 40745.4033467 1.02951894488e+49
40 42162.0959681 1.38529321321e+49
45 43015.5503107 2.04936138605e+49
50 43886.5855083 2.46917546142e+49
55 44752.3192153 3.02194738927e+49
60 45652.0391605 3.63235194815e+49
65 46120.3578832 4.28694811924e+49
70 46624.6255256 4.96786689517e+49
75 47134.0742547 5.46915313092e+49
80 47683.262275 6.17280277913e+49
85 48264.1444575 7.6584518315e+49
90 48683.6697396 8.51119399216e+49
95 49115.6272691 9.38602138131e+49
100 49560.2047083 1.02703162586e+50
105 50016.4149798 1.11516130257e+50
110 50487.7007384 1.20129469837e+50
115 50971.7912591 1.28393238189e+50
120 51607.0459218 1.42392646663e+50
---
---
Z =0.014
M / Msun | Teff / K
5 17219.4325543 4.2032397753e+42
10 25134.198263 3.13808496556e+45
15 30582.662756 1.15890049934e+47
20 34307.969184 1.72170175569e+48
25 37088.4679275 3.12507529613e+48
30 39093.5273677 6.50837613761e+48
35 40745.4033467 9.48532865336e+48
40 42162.0959681 1.27623785531e+49
45 43015.5503107 2.01814854165e+49
50 43886.5855083 2.43081897399e+49
55 44752.3192153 2.97435686511e+49
60 45652.0391605 3.5548692305e+49
65 46120.3578832 3.33178413097e+49
70 46624.6255256 4.69935515457e+49
75 47134.0742547 5.32227882949e+49
80 47683.262275 6.45210927104e+49
85 48264.1444575 7.21281254614e+49
90 48683.6697396 8.00103787489e+49
95 49115.6272691 8.81052226241e+49
100 49560.2047083 9.62960487216e+49
105 50016.4149798 1.0445269132e+50
110 50487.7007384 1.12515989684e+50
115 50971.7912591 1.20403770275e+50
120 51607.0459218 1.27920393447e+50
---
