x y z mass age lifetime 
43.032847686 45.586722844 62.36617903 30.761358239558362 5.493513053637858 7.494313052112308 
63.489520674 64.354242098 62.515720424 9.911601768798302 3.5696902255540257 32.26834580441608 
72.165450041 72.108032853 50.560039273 10.781055378009434 3.5696902255540257 28.114382909372985 
63.489520674 64.354242098 62.515720424 30.885668424438894 3.4679556338214175 7.47472603906385 
72.165450041 72.108032853 50.560039273 10.172471045733705 3.1543087532256306 29.998521916994477 
72.165450041 72.108032853 50.560039273 13.663731299224276 2.880731557611572 19.18979864699792 
73.25177631 71.599725199 64.666544339 34.445884036293315 2.6453816043679472 6.913758409302764 
72.165450041 72.108032853 50.560039273 58.3350772492234 2.363944502484644 4.966009072351006 
71.677182306 71.014694294 64.256956824 9.658682166129445 1.8579687016514352 37.283027161256854 
