x y z mass age lifetime 
42.002244194 45.094194353 62.795938553 30.761358239558362 6.126619515720795 7.494313052112308 
64.901476175 66.067780924 63.150477961 9.911601768798302 4.202796687636963 32.26834580441608 
72.768731978 72.364873412 49.776730251 10.781055378009434 4.202796687636963 28.114382909372985 
64.901476175 66.067780924 63.150477961 30.885668424438894 4.101062095904354 7.47472603906385 
72.768731978 72.364873412 49.776730251 10.172471045733705 3.7874152153085676 29.998521916994477 
72.768731978 72.364873412 49.776730251 13.663731299224276 3.513838019694509 19.18979864699792 
74.104298907 72.474943077 64.383918364 34.445884036293315 3.278488066450884 6.913758409302764 
72.768731978 72.364873412 49.776730251 58.3350772492234 2.997050964567581 4.966009072351006 
72.249961326 71.224251413 63.90974332 9.658682166129445 2.491075163734372 37.283027161256854 
