x y z mass age lifetime 
43.714253914 45.913490534 62.083479918 30.761358239558362 5.076445280209826 7.494313052112308 
62.563349927 63.231196499 62.099775641 9.911601768798302 3.1526224521259936 32.26834580441608 
71.764766303 71.937129578 51.081859907 10.781055378009434 3.1526224521259936 28.114382909372985 
62.563349927 63.231196499 62.099775641 30.885668424438894 3.0508878603933853 7.47472603906385 
71.764766303 71.937129578 51.081859907 10.172471045733705 2.7372409797975985 29.998521916994477 
71.764766303 71.937129578 51.081859907 13.663731299224276 2.46366378418354 19.18979864699792 
72.663764816 71.030557816 64.871546126 34.445884036293315 2.228313830939915 6.913758409302764 
71.764766303 71.937129578 51.081859907 58.3350772492234 1.946876729056612 4.966009072351006 
71.341389254 70.894412206 64.497375838 9.658682166129445 1.440900928223403 37.283027161256854 
