x y z mass age lifetime 
45.111234231 46.588317798 61.508688245 30.761358239558362 4.227515617031341 7.494313052112308 
60.696154267 60.96808169 61.260830554 9.911601768798302 2.303692788947509 32.26834580441608 
70.940579115 71.583618914 52.159213257 10.781055378009434 2.303692788947509 28.114382909372985 
60.696154267 60.96808169 61.260830554 30.885668424438894 2.2019581972149007 7.47472603906385 
70.940579115 71.583618914 52.159213257 10.172471045733705 1.8883113166191139 29.998521916994477 
70.940579115 71.583618914 52.159213257 13.663731299224276 1.6147341210050552 19.18979864699792 
71.390969127 69.88245465 65.241872821 34.445884036293315 1.3793841677614305 6.913758409302764 
70.940579115 71.583618914 52.159213257 58.3350772492234 1.0979470658781274 4.966009072351006 
70.86556879 70.625342446 65.053478512 9.658682166129445 0.5919712650449185 37.283027161256854 
