x y z mass age lifetime 
44.066586273 46.082963341 61.937831281 30.761358239558362 4.861448755823205 7.494313052112308 
62.087686709 62.654699591 61.886333699 9.911601768798302 2.937625927739373 32.26834580441608 
71.5571231 71.848372329 51.352609849 10.781055378009434 2.937625927739373 28.114382909372985 
62.087686709 62.654699591 61.886333699 30.885668424438894 2.835891336006765 7.47472603906385 
71.5571231 71.848372329 51.352609849 10.172471045733705 2.522244455410978 29.998521916994477 
71.5571231 71.848372329 51.352609849 13.663731299224276 2.2486672597969193 19.18979864699792 
72.345587405 70.731373631 64.966585494 34.445884036293315 2.0133173065532946 6.913758409302764 
71.5571231 71.848372329 51.352609849 58.3350772492234 1.7318802046699915 4.966009072351006 
71.189205751 70.835872186 64.627805185 9.658682166129445 1.2259044038367826 37.283027161256854 
