x y z mass age lifetime 
45.457940817 46.757162298 61.36739177 30.761358239558362 4.018531385333547 7.494313052112308 
60.242555646 60.417724296 61.055752466 9.911601768798302 2.0947085572497146 32.26834580441608 
70.734635468 71.494447992 52.4285683 10.781055378009434 2.0947085572497146 28.114382909372985 
60.242555646 60.417724296 61.055752466 30.885668424438894 1.9929739655171064 7.47472603906385 
70.734635468 71.494447992 52.4285683 10.172471045733705 1.6793270849213195 29.998521916994477 
70.734635468 71.494447992 52.4285683 13.663731299224276 1.4057498893072609 19.18979864699792 
71.046032264 69.62165417 65.327054808 34.445884036293315 1.1703999360636361 6.913758409302764 
70.734635468 71.494447992 52.4285683 58.3350772492234 0.8889628341803331 4.966009072351006 
70.798869253 70.515936692 65.207329834 9.658682166129445 0.38298703334712414 37.283027161256854 
