x y z mass age lifetime 
41.312822571 44.765367407 63.084637177 30.761358239558362 6.551182957238226 7.494313052112308 
65.851392583 67.221098674 63.577275977 9.911601768798302 4.627360129154394 32.26834580441608 
73.17097033 72.536073505 49.256916942 10.781055378009434 4.627360129154394 28.114382909372985 
65.851392583 67.221098674 63.577275977 30.885668424438894 4.525625537421786 7.47472603906385 
73.17097033 72.536073505 49.256916942 10.172471045733705 4.211978656825999 29.998521916994477 
73.17097033 72.536073505 49.256916942 13.663731299224276 3.9384014612119405 19.18979864699792 
74.652291712 73.041160347 64.167151271 34.445884036293315 3.7030515079683157 6.913758409302764 
73.17097033 72.536073505 49.256916942 58.3350772492234 3.4216144060850127 4.966009072351006 
72.65833303 71.381518761 63.682624719 9.658682166129445 2.9156386052518037 37.283027161256854 
