x y z mass age lifetime 
45.812496655 46.930470306 61.223613736 30.761358239558362 3.8056565856169104 7.494313052112308 
59.78417759 59.860944849 60.847518438 9.911601768798302 1.8818337575330784 32.26834580441608 
70.521093387 71.400834557 52.704477315 10.781055378009434 1.8818337575330784 28.114382909372985 
59.78417759 59.860944849 60.847518438 30.885668424438894 1.7800991658004701 7.47472603906385 
70.521093387 71.400834557 52.704477315 10.172471045733705 1.4664522852046833 29.998521916994477 
70.521093387 71.400834557 52.704477315 13.663731299224276 1.1928750895906246 19.18979864699792 
70.685601938 69.367009143 65.402294574 34.445884036293315 0.9575251363469999 6.913758409302764 
70.521093387 71.400834557 52.704477315 58.3350772492234 0.6760880344636968 4.966009072351006 
70.737742987 70.374182603 65.366581505 9.658682166129445 0.17011223363048789 37.283027161256854 
