x y z mass age lifetime 
61.746014464 62.002975537 60.463114785 30.761358239558362 1.0546007439404317 7.494313052112308 
61.794352417 61.955758427 60.691370257 9.911601768798302 0.8628279796026406 32.26834580441608 
62.026488425 61.903492171 60.833983809 10.781055378009434 0.6939467485636674 28.114382909372985 
61.9801289 62.566742106 60.28084902 30.885668424438894 0.5261537704045223 7.47472603906385 
65.884128255 66.611368788 59.037719989 10.172471045733705 0.5261537704045223 29.998521916994477 
65.884128255 66.611368788 59.037719989 13.663731299224276 0.4445893997815018 19.18979864699792 
58.86236383 57.751875543 58.798551284 34.445884036293315 0.3255747169027807 6.913758409302764 
65.884128255 66.611368788 59.037719989 58.3350772492234 0.19886099423692638 4.966009072351006 
59.089988915 61.313703449 62.980873716 9.658682166129445 0.08187261496592413 37.283027161256854 
