x y z mass age lifetime 
61.559044884 61.866525404 60.138931949 30.761358239558362 1.2648093091343222 7.494313052112308 
62.055459809 61.927596601 60.562449073 9.911601768798302 1.073036544796531 32.26834580441608 
61.855920325 62.004124876 60.498810334 10.781055378009434 0.904155313757558 28.114382909372985 
61.725466715 62.364089793 60.161697671 30.885668424438894 0.7363623355984128 7.47472603906385 
65.977486774 66.638447209 58.892129524 10.172471045733705 0.7363623355984128 29.998521916994477 
65.977486774 66.638447209 58.892129524 13.663731299224276 0.6547979649753923 19.18979864699792 
58.776686458 57.865474485 58.804576947 34.445884036293315 0.5357832820966713 6.913758409302764 
65.977486774 66.638447209 58.892129524 58.3350772492234 0.4090695594308169 4.966009072351006 
58.664863057 61.091071798 63.097072783 9.658682166129445 0.29208118015981466 37.283027161256854 
