x y z mass age lifetime 
64.898198651 59.525689419 74.752648175 30.761358239558362 4.818880988749177 7.494313052112308 
58.879302786 58.156813682 58.730914603 9.911601768798302 4.2433940881548144 32.26834580441608 
64.898198651 59.525689419 74.752648175 10.781055378009434 3.8564126105051266 28.114382909372985 
58.879302786 58.156813682 58.730914603 30.885668424438894 3.261960846442639 7.47472603906385 
56.845681537 52.376579671 62.046732505 10.172471045733705 2.95966915143552 29.998521916994477 
55.487297906 55.720474439 57.053892894 13.663731299224276 2.401124591685501 19.18979864699792 
68.645138007 68.239719227 48.321512894 34.445884036293315 1.6926692892873998 6.913758409302764 
60.233219231 59.647871258 46.216899034 58.3350772492234 1.138454725780564 4.966009072351006 
47.576776984 45.027207975 59.182198133 9.658682166129445 0.27758755265798385 37.283027161256854 
