x y z mass age lifetime 
65.038956912 59.415495081 75.294632917 30.761358239558362 5.030032652815124 7.494313052112308 
58.722952957 57.97806509 58.469670865 9.911601768798302 4.454545752220762 32.26834580441608 
65.038956912 59.415495081 75.294632917 10.781055378009434 4.067564274571074 28.114382909372985 
58.722952957 57.97806509 58.469670865 30.885668424438894 3.473112510508586 7.47472603906385 
56.693340478 51.966664189 62.038590027 10.172471045733705 3.170820815501467 29.998521916994477 
55.14809437 55.428872772 56.745820104 13.663731299224276 2.612276255751448 19.18979864699792 
68.954608944 68.368134422 47.783229397 34.445884036293315 1.903820953353347 6.913758409302764 
60.318890309 59.510453481 45.962510981 58.3350772492234 1.3496063898465112 4.966009072351006 
47.215668451 44.614611729 59.024814621 9.658682166129445 0.48873921672393106 37.283027161256854 
