x y z mass age lifetime 
66.217011743 57.996437607 80.330623035 30.761358239558362 7.351266163404641 7.494313052112308 
56.753164642 55.759525863 55.52422825 9.911601768798302 6.775779262810278 32.26834580441608 
66.217011743 57.996437607 80.330623035 10.781055378009434 6.388797785160591 28.114382909372985 
56.753164642 55.759525863 55.52422825 30.885668424438894 5.794346021098103 7.47472603906385 
55.215535445 47.691315918 61.908220211 10.172471045733705 5.492054326090984 29.998521916994477 
51.445553 52.191333902 53.399269037 13.663731299224276 4.933509766340965 19.18979864699792 
72.325312647 69.752751076 41.858451246 34.445884036293315 4.225054463942864 6.913758409302764 
61.232745777 57.976149015 43.188361727 58.3350772492234 3.670839900436028 4.966009072351006 
43.149780583 39.828526844 58.032060478 9.658682166129445 2.809972727313448 37.283027161256854 
