x y z mass age lifetime 
65.507645065 58.8277893 77.566390293 30.761358239558362 6.085291424641469 7.494313052112308 
57.829375203 56.974822985 57.125862761 9.911601768798302 5.509804524047107 32.26834580441608 
65.507645065 58.8277893 77.566390293 10.781055378009434 5.12282304639742 28.114382909372985 
57.829375203 56.974822985 57.125862761 30.885668424438894 4.528371282334931 7.47472603906385 
55.988962951 49.99098603 61.995840484 10.172471045733705 4.2260795873278125 29.998521916994477 
53.457517191 53.960894444 55.214913907 13.663731299224276 3.6675350275777934 19.18979864699792 
70.492726121 69.002524638 45.089790893 34.445884036293315 2.9590797251796923 6.913758409302764 
60.739447259 58.816633567 44.696132144 58.3350772492234 2.4048651616728565 4.966009072351006 
45.469501218 42.538848318 58.517399323 9.658682166129445 1.5439979885502764 37.283027161256854 
