x y z mass age lifetime 
65.181827121 59.265942434 75.774516007 30.761358239558362 5.240036415291893 7.494313052112308 
58.522396987 57.761435262 58.200121937 9.911601768798302 4.664549514697531 32.26834580441608 
65.181827121 59.265942434 75.774516007 10.781055378009434 4.277568037047843 28.114382909372985 
58.522396987 57.761435262 58.200121937 30.885668424438894 3.6831162729853553 7.47472603906385 
56.546652953 51.565671455 62.031492913 10.172471045733705 3.3808245779782364 29.998521916994477 
54.81089448 55.137884865 56.439950022 13.663731299224276 2.8222800182282173 19.18979864699792 
69.261765544 68.495304899 47.24753958 34.445884036293315 2.113824715830116 6.913758409302764 
60.4035279 59.373224709 45.709808708 58.3350772492234 1.5596101523232804 4.966009072351006 
46.886678767 44.220277645 58.901301302 9.658682166129445 0.6987429792007003 37.283027161256854 
