x y z mass age lifetime 
65.636600561 58.680628528 78.02803813 30.761358239558362 6.295268718117531 7.494313052112308 
57.661049287 56.786429342 56.903313709 9.911601768798302 5.7197818175231685 32.26834580441608 
65.636600561 58.680628528 78.02803813 10.781055378009434 5.332800339873481 28.114382909372985 
57.661049287 56.786429342 56.903313709 30.885668424438894 4.738348575810993 7.47472603906385 
55.8565196 49.605967168 61.984229091 10.172471045733705 4.436056880803874 29.998521916994477 
53.122501477 53.667687772 54.912156243 13.663731299224276 3.877512321053855 19.18979864699792 
70.797420192 69.127580084 44.553641634 34.445884036293315 3.169057018655754 6.913758409302764 
60.821935038 58.677617016 44.445137867 58.3350772492234 2.614842455148918 4.966009072351006 
45.10075522 42.099282554 58.431469507 9.658682166129445 1.753975282026338 37.283027161256854 
