x y z mass age lifetime 
66.069894996 58.135080221 79.819786554 30.761358239558362 7.139143458750669 7.494313052112308 
56.91528321 55.953362052 55.819768649 9.911601768798302 6.563656558156307 32.26834580441608 
66.069894996 58.135080221 79.819786554 10.781055378009434 6.1766750805066195 28.114382909372985 
56.91528321 55.953362052 55.819768649 30.885668424438894 5.582223316444131 7.47472603906385 
55.341391724 48.07353964 61.925565621 10.172471045733705 5.2799316214370124 29.998521916994477 
51.781332922 52.487995088 53.701858158 13.663731299224276 4.721387061686993 19.18979864699792 
72.018853527 69.627525232 42.399593666 34.445884036293315 4.012931759288892 6.913758409302764 
61.150654772 58.117247996 43.440035175 58.3350772492234 3.4587171957820564 4.966009072351006 
43.549605751 40.290898752 58.107495701 9.658682166129445 2.5978500226594763 37.283027161256854 
