x y z mass age lifetime 
65.964095021 58.225772142 79.309272703 30.761358239558362 6.931009834008578 7.494313052112308 
57.111647514 56.163268713 56.062665078 9.911601768798302 6.355522933414216 32.26834580441608 
65.964095021 58.225772142 79.309272703 10.781055378009434 5.968541455764528 28.114382909372985 
57.111647514 56.163268713 56.062665078 30.885668424438894 5.37408969170204 7.47472603906385 
55.466186273 48.44962063 61.941541592 10.172471045733705 5.071797996694921 29.998521916994477 
52.111327487 52.779067297 53.999397196 13.663731299224276 4.513253436944902 19.18979864699792 
71.717972309 69.504523973 42.93070317 34.445884036293315 3.804798134546801 6.913758409302764 
61.069922915 58.255633424 43.687363359 58.3350772492234 3.2505835710399653 4.966009072351006 
43.939695408 40.741715411 58.184236366 9.658682166129445 2.389716397917385 37.283027161256854 
