x y z mass age lifetime 
65.780953149 58.478936452 78.435609459 30.761358239558362 6.509229131107834 7.494313052112308 
57.462794556 56.560444487 56.597073117 9.911601768798302 5.933742230513472 32.26834580441608 
65.780953149 58.478936452 78.435609459 10.781055378009434 5.546760752863785 28.114382909372985 
57.462794556 56.560444487 56.597073117 30.885668424438894 4.952308988801296 7.47472603906385 
55.723477361 49.215364229 61.971007235 10.172471045733705 4.6500172937941775 29.998521916994477 
52.781655057 53.368738166 54.604307923 13.663731299224276 4.091472734044158 19.18979864699792 
71.107532261 69.254697124 44.007355297 34.445884036293315 3.3830174316460573 6.913758409302764 
60.905672171 58.535756092 44.189733173 58.3350772492234 2.8288028681392214 4.966009072351006 
44.717130938 41.646198554 58.34650674 9.658682166129445 1.9679356950166413 37.283027161256854 
