x y z mass age lifetime 
64.801434053 59.633035787 74.279515115 30.761358239558362 4.60878513982515 7.494313052112308 
59.061484886 58.355904903 58.978302414 9.911601768798302 4.0332982392307875 32.26834580441608 
64.801434053 59.633035787 74.279515115 10.781055378009434 3.6463167615810996 28.114382909372985 
59.061484886 58.355904903 58.978302414 30.885668424438894 3.051864997518612 7.47472603906385 
57.001176321 52.791856846 62.059777812 10.172471045733705 2.749573302511493 29.998521916994477 
55.824758111 56.00931064 57.360856805 13.663731299224276 2.191028742761474 19.18979864699792 
68.336512971 68.111338874 48.856613193 34.445884036293315 1.4825734403633728 6.913758409302764 
60.147375116 59.783954917 46.470218948 58.3350772492234 0.928358876856537 4.966009072351006 
47.977733585 45.437983087 59.294934096 9.658682166129445 0.06749170373395685 37.283027161256854 
