x y z mass age lifetime 
65.873290359 58.340666585 78.848518672 30.761358239558362 6.717350258325401 7.494313052112308 
57.307750393 56.380552637 56.355557517 9.911601768798302 6.141863357731038 32.26834580441608 
65.873290359 58.340666585 78.848518672 10.781055378009434 5.754881880081351 28.114382909372985 
57.307750393 56.380552637 56.355557517 30.885668424438894 5.160430116018863 7.47472603906385 
55.595749593 48.836870704 61.956862675 10.172471045733705 4.858138421011744 29.998521916994477 
52.450625595 53.07781752 54.305500796 13.663731299224276 4.299593861261725 19.18979864699792 
71.408875699 69.378080625 43.476045532 34.445884036293315 3.5911385588636238 6.913758409302764 
60.986841805 58.39759685 43.941655814 58.3350772492234 3.036923995356788 4.966009072351006 
44.336504396 41.201380544 58.265432177 9.658682166129445 2.176056822234208 37.283027161256854 
