x y z mass age lifetime 
53.997841962 62.393932115 59.99265275 8.760448340732838 1.9036849557122801 55.0924668739683 
54.179521287 62.250621319 58.941581596 11.33511254096095 1.754103102416662 26.399056603834698 
54.395292898 62.551679873 59.094104355 13.430632593790312 1.6424243826675191 19.911457653726096 
54.455732791 62.555906525 58.952222829 16.690318533256203 1.6342764180510825 13.504769562168946 
54.395292898 62.551679873 59.094104355 13.752605644438779 1.4208656432124234 18.9146492364228 
54.179521287 62.250621319 58.941581596 11.304074045673449 1.2120755980998004 26.49514984264094 
57.240791328 67.408560812 59.663218789 9.423541191492756 0.8289042027941473 41.94520853481932 
54.395292898 62.551679873 59.094104355 9.480069576453241 0.48634156533963147 40.82441032294756 
54.179521287 62.250621319 58.941581596 55.01034736587024 0.14870347272707374 5.184576709332771 
