x y z mass age lifetime 
61.307687211 59.091226537 59.228146052 30.761358239558362 3.4442906917034444 7.494313052112308 
61.307687211 59.091226537 59.228146052 9.911601768798302 2.617502682784966 32.26834580441608 
62.880342261 67.558001181 61.037008336 10.781055378009434 2.2497674799510614 28.114382909372985 
62.880342261 67.558001181 61.037008336 30.885668424438894 1.8152186474177725 7.47472603906385 
64.283367975 66.482831867 60.225894589 10.172471045733705 1.1879697807531189 29.998521916994477 
57.97426464 59.701131362 61.395031826 13.663731299224276 0.9796069969648364 19.18979864699792 
55.673125293 62.176043572 60.529435973 34.445884036293315 0.8274720556916568 6.913758409302764 
55.834524693 56.712482386 66.558276931 58.3350772492234 0.42719884410112297 4.966009072351006 
55.762779231 56.512147877 67.672262291 9.658682166129445 0.23256204506702982 37.283027161256854 
