x y z mass age lifetime 
60.695516766 58.632407534 59.160132192 30.761358239558362 3.653550523862065 7.494313052112308 
60.695516766 58.632407534 59.160132192 9.911601768798302 2.8267625149435864 32.26834580441608 
62.519023207 67.831233304 61.135184131 10.781055378009434 2.459027312109682 28.114382909372985 
62.519023207 67.831233304 61.135184131 30.885668424438894 2.024478479576393 7.47472603906385 
63.986758414 66.634527353 60.208235209 10.172471045733705 1.3972296129117394 29.998521916994477 
57.427104014 59.773998735 61.487459338 13.663731299224276 1.188866829123457 19.18979864699792 
54.66656471 62.020440282 60.634952138 34.445884036293315 1.0367318878502774 6.913758409302764 
55.461062958 56.628109192 66.672437788 58.3350772492234 0.6364586762597435 4.966009072351006 
55.362930317 56.442658791 67.822310799 9.658682166129445 0.44182187722565036 37.283027161256854 
